0.11268 0.04 0.04 2 2 3
0.112926 0.0401021 0.0401021 2 2 3
0.113156 0.0402042 0.0402042 2 2 3
0.113629 0.0404095 0.0404095 2 2 3
0.114583 0.0408238 0.0408238 2 2 3
0.116523 0.0416677 0.0416677 2 2 3
0.119817 0.0431131 0.0431131 2 2 3
0.123254 0.0446282 0.0446282 2 2 3
0.126904 0.0462478 0.0462478 2 2 3
0.130789 0.0479829 0.0479829 2 2 3
0.134933 0.0498461 0.0498461 2 2 3
0.139362 0.0518519 0.0518519 2 2 3
0.144107 0.0540168 0.0540168 2 2 3
0.149205 0.0563603 0.0563603 2 2 3
0.154696 0.0589049 0.0589049 2 2 3
0.160629 0.0616771 0.0616771 2 2 3
0.16706 0.0647082 0.0647082 2 2 3
0.174056 0.0680356 0.0680356 2 2 3
0.181696 0.0717038 0.0717038 2 2 3
0.190075 0.075767 0.075767 2 2 3
0.199306 0.080291 0.080291 2 2 3
0.209529 0.0853573 0.0853573 2 2 3
0.220916 0.0910671 0.0910671 2 2 3
0.23368 0.0975486 0.0975486 2 2 3
0.24809 0.104965 0.104965 2 2 3
0.264493 0.11353 0.11353 2 2 3
0.283338 0.123525 0.123525 2 2 3
0.305222 0.13533 0.13533 2 2 3
0.330951 0.149469 0.149469 2 2 3
0.361646 0.166688 0.166688 2 2 3
0.398904 0.188073 0.188073 2 2 3
0.445075 0.215274 0.215274 2 2 3
0.503742 0.250887 0.250887 2 2 3
0.580462 0.299161 0.299161 2 2 3
0.684382 0.367364 0.367364 2 2 3
0.829648 0.467851 0.467851 2 2 3
1.03423 0.619022 0.619022 2 2 3
1.30582 0.836585 0.836585 2 2 3
1.62377 1.1159 1.1159 2 2 3
1.95699 1.43845 1.43845 2 2 3
2.28676 1.79023 1.79023 2 2 3
0.11268 0.04 0.04 2 2 3
0.112926 0.0401021 0.0401021 2 2 3
0.113156 0.0402042 0.0402042 2 2 3
0.113629 0.0404095 0.0404095 2 2 3
0.114583 0.0408238 0.0408238 2 2 3
0.116523 0.0416677 0.0416677 2 2 3
0.119817 0.0431131 0.0431131 2 2 3
0.123254 0.0446282 0.0446282 2 2 3
0.126904 0.0462478 0.0462478 2 2 3
0.130789 0.0479829 0.0479829 2 2 3
0.134933 0.0498461 0.0498461 2 2 3
0.139362 0.0518519 0.0518519 2 2 3
0.144107 0.0540168 0.0540168 2 2 3
0.149205 0.0563603 0.0563603 2 2 3
0.154696 0.0589049 0.0589049 2 2 3
0.160629 0.0616771 0.0616771 2 2 3
0.16706 0.0647082 0.0647082 2 2 3
0.174056 0.0680356 0.0680356 2 2 3
0.181696 0.0717038 0.0717038 2 2 3
0.190075 0.075767 0.075767 2 2 3
0.199306 0.080291 0.080291 2 2 3
0.209529 0.0853573 0.0853573 2 2 3
0.220916 0.0910671 0.0910671 2 2 3
0.23368 0.0975486 0.0975486 2 2 3
0.24809 0.104965 0.104965 2 2 3
0.264493 0.11353 0.11353 2 2 3
0.283338 0.123525 0.123525 2 2 3
0.305222 0.13533 0.13533 2 2 3
0.330951 0.149469 0.149469 2 2 3
0.361646 0.166688 0.166688 2 2 3
0.398904 0.188073 0.188073 2 2 3
0.445075 0.215274 0.215274 2 2 3
0.503742 0.250887 0.250887 2 2 3
0.580462 0.299161 0.299161 2 2 3
0.684382 0.367364 0.367364 2 2 3
0.829648 0.467851 0.467851 2 2 3
1.03423 0.619022 0.619022 2 2 3
1.30582 0.836585 0.836585 2 2 3
1.62377 1.1159 1.1159 2 2 3
1.95699 1.43845 1.43845 2 2 3
2.28676 1.79023 1.79023 2 2 3
0.11268 0.04 0.04 2 2 3
0.112457 0.0398987 0.0398987 2 2 3
0.112218 0.0397973 0.0397973 2 2 3
0.111752 0.0395957 0.0395957 2 2 3
0.110829 0.0391962 0.0391962 2 2 3
0.109012 0.0384113 0.0384113 2 2 3
0.106391 0.0372884 0.0372884 2 2 3
0.103857 0.0362066 0.0362066 2 2 3
0.101446 0.0351829 0.0351829 2 2 3
0.09915 0.0342129 0.0342129 2 2 3
0.096854 0.0332429 0.0332429 2 2 3
0.0947711 0.0323722 0.0323722 2 2 3
0.09278 0.0315437 0.0315437 2 2 3
0.0908747 0.0307547 0.0307547 2 2 3
0.0890497 0.0300023 0.0300023 2 2 3
0.0873 0.029284 0.029284 2 2 3
0.085621 0.0285978 0.0285978 2 2 3
0.0840083 0.0279415 0.0279415 2 2 3
0.0824582 0.0273132 0.0273132 2 2 3
0.0809669 0.0267112 0.0267112 2 2 3
0.0795312 0.026134 0.026134 2 2 3
0.0781479 0.02558 0.02558 2 2 3
0.0768142 0.0250479 0.0250479 2 2 3
0.0755275 0.0245364 0.0245364 2 2 3
0.0742852 0.0240444 0.0240444 2 2 3
0.0730851 0.0235709 0.0235709 2 2 3
0.071925 0.0231147 0.0231147 2 2 3
0.070803 0.0226751 0.0226751 2 2 3
0.0697171 0.0222511 0.0222511 2 2 3
0.0686656 0.0218419 0.0218419 2 2 3
0.0676469 0.0214467 0.0214467 2 2 3
0.0666595 0.021065 0.021065 2 2 3
0.0657019 0.0206959 0.0206959 2 2 3
0.0647728 0.0203389 0.0203389 2 2 3
0.0638709 0.0199935 0.0199935 2 2 3
0.0629949 0.0196591 0.0196591 2 2 3
0.0621439 0.0193351 0.0193351 2 2 3
0.0613167 0.0190211 0.0190211 2 2 3
0.0605123 0.0187167 0.0187167 2 2 3
0.0597297 0.0184214 0.0184214 2 2 3
0.0589682 0.0181349 0.0181349 2 2 3
0.0582268 0.0178567 0.0178567 2 2 3
0.0575047 0.0175865 0.0175865 2 2 3
0.0568012 0.017324 0.017324 2 2 3
0.0561156 0.0170688 0.0170688 2 2 3
0.0554471 0.0168207 0.0168207 2 2 3
0.0547952 0.0165793 0.0165793 2 2 3
0.0541592 0.0163445 0.0163445 2 2 3
0.0535385 0.0161158 0.0161158 2 2 3
0.0529326 0.0158932 0.0158932 2 2 3
0.0523409 0.0156764 0.0156764 2 2 3
0.051763 0.0154651 0.0154651 2 2 3
0.0511984 0.0152592 0.0152592 2 2 3
0.0506466 0.0150584 0.0150584 2 2 3
0.0501071 0.0148626 0.0148626 2 2 3
0.0495796 0.0146716 0.0146716 2 2 3
0.0490636 0.0144852 0.0144852 2 2 3
0.0485588 0.0143033 0.0143033 2 2 3
0.0480648 0.0141256 0.0141256 2 2 3
0.0475813 0.0139521 0.0139521 2 2 3
0.0471079 0.0137826 0.0137826 2 2 3
0.0466443 0.013617 0.013617 2 2 3
0.0461901 0.0134551 0.0134551 2 2 3
0.0457452 0.0132968 0.0132968 2 2 3
0.0453093 0.0131421 0.0131421 2 2 3
0.0448819 0.0129907 0.0129907 2 2 3
0.044463 0.0128426 0.0128426 2 2 3
0.0440522 0.0126977 0.0126977 2 2 3
0.0436494 0.0125559 0.0125559 2 2 3
0.0432542 0.012417 0.012417 2 2 3
0.0428664 0.012281 0.012281 2 2 3
0.0424859 0.0121479 0.0121479 2 2 3
0.0421125 0.0120175 0.0120175 2 2 3
0.0417459 0.0118897 0.0118897 2 2 3
0.0413859 0.0117644 0.0117644 2 2 3
0.0410324 0.0116417 0.0116417 2 2 3
0.0406852 0.0115213 0.0115213 2 2 3
0.0403442 0.0114033 0.0114033 2 2 3
0.0400091 0.0112876 0.0112876 2 2 3
0.0396798 0.0111741 0.0111741 2 2 3
0.0393562 0.0110627 0.0110627 2 2 3
0.039038 0.0109535 0.0109535 2 2 3
0.0387253 0.0108462 0.0108462 2 2 3
0.0384177 0.010741 0.010741 2 2 3
0.0381153 0.0106377 0.0106377 2 2 3
0.0378178 0.0105362 0.0105362 2 2 3
0.0375252 0.0104366 0.0104366 2 2 3
0.0372373 0.0103387 0.0103387 2 2 3
0.0369541 0.0102426 0.0102426 2 2 3
0.0366753 0.0101482 0.0101482 2 2 3
0.0364009 0.0100554 0.0100554 2 2 3
0.0361308 0.0099642 0.0099642 2 2 3
0.0358649 0.00987457 0.00987457 2 2 3
0.0356031 0.00978646 0.00978646 2 2 3
0.0353452 0.00969983 0.00969983 2 2 3
0.0350913 0.00961465 0.00961465 2 2 3
0.0348412 0.00953088 0.00953088 2 2 3
0.0345948 0.00944849 0.00944849 2 2 3
0.034352 0.00936744 0.00936744 2 2 3
0.0341128 0.0092877 0.0092877 2 2 3
0.0338771 0.00920925 0.00920925 2 2 3
0.0336448 0.00913204 0.00913204 2 2 3
0.0334158 0.00905606 0.00905606 2 2 3
0.0331901 0.00898127 0.00898127 2 2 3
0.0329676 0.00890765 0.00890765 2 2 3
0.0327482 0.00883516 0.00883516 2 2 3
0.0325318 0.00876379 0.00876379 2 2 3
0.0323184 0.00869351 0.00869351 2 2 3
0.032108 0.0086243 0.0086243 2 2 3
0.0319004 0.00855612 0.00855612 2 2 3
0.0316956 0.00848896 0.00848896 2 2 3
0.0314936 0.0084228 0.0084228 2 2 3
0.0312943 0.00835761 0.00835761 2 2 3
0.0310976 0.00829337 0.00829337 2 2 3
0.0309035 0.00823007 0.00823007 2 2 3
0.0307119 0.00816767 0.00816767 2 2 3
0.0305228 0.00810618 0.00810618 2 2 3
0.0303362 0.00804555 0.00804555 2 2 3
0.0301519 0.00798579 0.00798579 2 2 3
0.02997 0.00792686 0.00792686 2 2 3
0.0297904 0.00786875 0.00786875 2 2 3
0.029613 0.00781145 0.00781145 2 2 3
0.0294379 0.00775494 0.00775494 2 2 3
0.0292649 0.0076992 0.0076992 2 2 3
0.029094 0.00764421 0.00764421 2 2 3
0.0289253 0.00758997 0.00758997 2 2 3
0.0287585 0.00753646 0.00753646 2 2 3
0.0285938 0.00748366 0.00748366 2 2 3
0.0284311 0.00743155 0.00743155 2 2 3
0.0282703 0.00738014 0.00738014 2 2 3
0.0281114 0.00732939 0.00732939 2 2 3
0.0279544 0.00727931 0.00727931 2 2 3
0.0277992 0.00722987 0.00722987 2 2 3
0.0276458 0.00718107 0.00718107 2 2 3
0.0274942 0.00713289 0.00713289 2 2 3
0.0273443 0.00708532 0.00708532 2 2 3
0.0271962 0.00703835 0.00703835 2 2 3
0.0270497 0.00699197 0.00699197 2 2 3
0.0269049 0.00694617 0.00694617 2 2 3
0.0267617 0.00690093 0.00690093 2 2 3
0.0266201 0.00685626 0.00685626 2 2 3
0.02648 0.00681212 0.00681212 2 2 3
0.0263415 0.00676853 0.00676853 2 2 3
0.0262046 0.00672546 0.00672546 2 2 3
0.0260691 0.00668291 0.00668291 2 2 3
0.0259351 0.00664088 0.00664088 2 2 3
0.0258025 0.00659934 0.00659934 2 2 3
0.0256714 0.00655829 0.00655829 2 2 3
0.0255416 0.00651772 0.00651772 2 2 3
0.0254132 0.00647763 0.00647763 2 2 3
0.0252862 0.00643801 0.00643801 2 2 3
0.0251605 0.00639884 0.00639884 2 2 3
0.0250361 0.00636013 0.00636013 2 2 3
0.024913 0.00632186 0.00632186 2 2 3
0.0247912 0.00628402 0.00628402 2 2 3
0.0246706 0.00624661 0.00624661 2 2 3
0.0245513 0.00620963 0.00620963 2 2 3
0.0244331 0.00617306 0.00617306 2 2 3
0.0243162 0.00613689 0.00613689 2 2 3
0.0242004 0.00610113 0.00610113 2 2 3
0.0240858 0.00606576 0.00606576 2 2 3
0.0239723 0.00603078 0.00603078 2 2 3
0.02386 0.00599618 0.00599618 2 2 3
0.0237487 0.00596195 0.00596195 2 2 3
0.0236385 0.0059281 0.0059281 2 2 3
0.0235294 0.00589461 0.00589461 2 2 3
0.0234214 0.00586147 0.00586147 2 2 3
0.0233144 0.00582869 0.00582869 2 2 3
0.0232084 0.00579626 0.00579626 2 2 3
0.0231035 0.00576417 0.00576417 2 2 3
0.0229995 0.00573241 0.00573241 2 2 3
0.0228965 0.00570099 0.00570099 2 2 3
0.0227945 0.00566989 0.00566989 2 2 3
0.0226934 0.00563911 0.00563911 2 2 3
0.0225933 0.00560865 0.00560865 2 2 3
0.0224941 0.0055785 0.0055785 2 2 3
0.0223958 0.00554866 0.00554866 2 2 3
0.0222984 0.00551912 0.00551912 2 2 3
0.0222019 0.00548988 0.00548988 2 2 3
0.0221063 0.00546093 0.00546093 2 2 3
0.0220115 0.00543227 0.00543227 2 2 3
0.0219176 0.00540389 0.00540389 2 2 3
0.0218246 0.0053758 0.0053758 2 2 3
0.0217323 0.00534798 0.00534798 2 2 3
0.0216409 0.00532043 0.00532043 2 2 3
0.0215503 0.00529315 0.00529315 2 2 3
0.0214605 0.00526614 0.00526614 2 2 3
0.0213715 0.00523939 0.00523939 2 2 3
0.0212832 0.00521289 0.00521289 2 2 3
0.0211957 0.00518665 0.00518665 2 2 3
0.021109 0.00516066 0.00516066 2 2 3
0.021023 0.00513492 0.00513492 2 2 3
0.0209378 0.00510942 0.00510942 2 2 3
0.0208532 0.00508415 0.00508415 2 2 3
0.0207694 0.00505913 0.00505913 2 2 3
0.0206863 0.00503434 0.00503434 2 2 3
0.0206039 0.00500978 0.00500978 2 2 3
0.0205222 0.00498544 0.00498544 2 2 3
0.0204411 0.00496133 0.00496133 2 2 3
0.0203608 0.00493744 0.00493744 2 2 3
0.0203614 0.00493744 0.00493744 2 2 3
0.020355 0.00493576 0.00493576 2 2 3
0.0203486 0.00493386 0.00493386 2 2 3
0.0203359 0.00493006 0.00493006 2 2 3
0.0203103 0.00492247 0.00492247 2 2 3
0.0202593 0.00490733 0.00490733 2 2 3
0.0201801 0.00488382 0.00488382 2 2 3
0.0201018 0.0048606 0.0048606 2 2 3
0.0200242 0.00483762 0.00483762 2 2 3
0.0199472 0.00481485 0.00481485 2 2 3
0.0198709 0.00479228 0.00479228 2 2 3
0.0197952 0.00476991 0.00476991 2 2 3
0.0197201 0.00474774 0.00474774 2 2 3
0.0196456 0.00472576 0.00472576 2 2 3
0.0195716 0.00470398 0.00470398 2 2 3
0.0194983 0.00468239 0.00468239 2 2 3
0.0194255 0.00466098 0.00466098 2 2 3
0.0193533 0.00463976 0.00463976 2 2 3
0.0192817 0.00461872 0.00461872 2 2 3
0.0192106 0.00459787 0.00459787 2 2 3
0.0191401 0.00457719 0.00457719 2 2 3
0.0190701 0.00455669 0.00455669 2 2 3
0.0190007 0.00453636 0.00453636 2 2 3
0.0189317 0.00451621 0.00451621 2 2 3
0.0188634 0.00449622 0.00449622 2 2 3
0.0187955 0.0044764 0.0044764 2 2 3
0.0187281 0.00445675 0.00445675 2 2 3
0.0186613 0.00443726 0.00443726 2 2 3
0.0185949 0.00441793 0.00441793 2 2 3
0.0185291 0.00439876 0.00439876 2 2 3
0.0184637 0.00437975 0.00437975 2 2 3
0.0183988 0.0043609 0.0043609 2 2 3
0.0183344 0.00434219 0.00434219 2 2 3
0.0182705 0.00432364 0.00432364 2 2 3
0.0182071 0.00430524 0.00430524 2 2 3
0.0181441 0.00428699 0.00428699 2 2 3
0.0180815 0.00426889 0.00426889 2 2 3
0.0180194 0.00425093 0.00425093 2 2 3
0.0179578 0.00423311 0.00423311 2 2 3
0.0178966 0.00421544 0.00421544 2 2 3
0.0178359 0.0041979 0.0041979 2 2 3
0.0177755 0.00418051 0.00418051 2 2 3
0.0177156 0.00416325 0.00416325 2 2 3
0.0176562 0.00414612 0.00414612 2 2 3
0.0175971 0.00412913 0.00412913 2 2 3
0.0175385 0.00411227 0.00411227 2 2 3
0.0174803 0.00409554 0.00409554 2 2 3
0.0174224 0.00407894 0.00407894 2 2 3
0.017365 0.00406247 0.00406247 2 2 3
0.017308 0.00404612 0.00404612 2 2 3
0.0172514 0.0040299 0.0040299 2 2 3
0.0171951 0.0040138 0.0040138 2 2 3
0.0171393 0.00399782 0.00399782 2 2 3
0.0170838 0.00398196 0.00398196 2 2 3
0.0170287 0.00396623 0.00396623 2 2 3
0.016974 0.00395061 0.00395061 2 2 3
0.0169197 0.0039351 0.0039351 2 2 3
0.0168657 0.00391972 0.00391972 2 2 3
0.016812 0.00390444 0.00390444 2 2 3
0.0167588 0.00388928 0.00388928 2 2 3
0.0167059 0.00387423 0.00387423 2 2 3
0.0166533 0.00385929 0.00385929 2 2 3
0.0166011 0.00384446 0.00384446 2 2 3
0.0165492 0.00382974 0.00382974 2 2 3
0.0164977 0.00381513 0.00381513 2 2 3
0.0164465 0.00380062 0.00380062 2 2 3
0.0163957 0.00378621 0.00378621 2 2 3
0.0163451 0.00377191 0.00377191 2 2 3
0.0162949 0.00375772 0.00375772 2 2 3
0.0162451 0.00374362 0.00374362 2 2 3
0.0161955 0.00372962 0.00372962 2 2 3
0.0161463 0.00371572 0.00371572 2 2 3
0.0160974 0.00370192 0.00370192 2 2 3
0.0160488 0.00368822 0.00368822 2 2 3
0.0160005 0.00367461 0.00367461 2 2 3
0.0159525 0.0036611 0.0036611 2 2 3
0.0159048 0.00364769 0.00364769 2 2 3
0.0158574 0.00363436 0.00363436 2 2 3
0.0158103 0.00362113 0.00362113 2 2 3
0.0157635 0.00360799 0.00360799 2 2 3
0.015717 0.00359494 0.00359494 2 2 3
0.0156707 0.00358198 0.00358198 2 2 3
0.0156248 0.00356911 0.00356911 2 2 3
0.0155792 0.00355632 0.00355632 2 2 3
0.0155338 0.00354363 0.00354363 2 2 3
0.0154887 0.00353102 0.00353102 2 2 3
0.0154439 0.00351849 0.00351849 2 2 3
0.0153993 0.00350605 0.00350605 2 2 3
0.015355 0.00349369 0.00349369 2 2 3
0.015311 0.00348141 0.00348141 2 2 3
0.0152673 0.00346922 0.00346922 2 2 3
0.0152238 0.00345711 0.00345711 2 2 3
0.0151806 0.00344507 0.00344507 2 2 3
0.0151376 0.00343312 0.00343312 2 2 3
0.0150949 0.00342124 0.00342124 2 2 3
0.0150525 0.00340945 0.00340945 2 2 3
0.0150103 0.00339773 0.00339773 2 2 3
0.0149683 0.00338608 0.00338608 2 2 3
0.0149266 0.00337452 0.00337452 2 2 3
0.0148851 0.00336302 0.00336302 2 2 3
0.0148439 0.0033516 0.0033516 2 2 3
0.0148029 0.00334026 0.00334026 2 2 3
0.0147622 0.00332899 0.00332899 2 2 3
0.0147217 0.00331779 0.00331779 2 2 3
0.0146814 0.00330666 0.00330666 2 2 3
0.0146414 0.0032956 0.0032956 2 2 3
0.0146016 0.00328461 0.00328461 2 2 3
0.014562 0.00327369 0.00327369 2 2 3
0.0145226 0.00326284 0.00326284 2 2 3
0.0144835 0.00325206 0.00325206 2 2 3
0.0144446 0.00324135 0.00324135 2 2 3
0.0144059 0.0032307 0.0032307 2 2 3
0.0143674 0.00322012 0.00322012 2 2 3
0.0143292 0.00320961 0.00320961 2 2 3
0.0142911 0.00319916 0.00319916 2 2 3
0.0142533 0.00318877 0.00318877 2 2 3
0.0142157 0.00317845 0.00317845 2 2 3
0.0141782 0.00316819 0.00316819 2 2 3
0.014141 0.003158 0.003158 2 2 3
0.014104 0.00314786 0.00314786 2 2 3
0.0140672 0.00313779 0.00313779 2 2 3
0.0140307 0.00312778 0.00312778 2 2 3
0.0139943 0.00311783 0.00311783 2 2 3
0.0139581 0.00310794 0.00310794 2 2 3
0.0139221 0.00309811 0.00309811 2 2 3
0.0138863 0.00308834 0.00308834 2 2 3
0.0138506 0.00307863 0.00307863 2 2 3
0.0138152 0.00306897 0.00306897 2 2 3
0.01378 0.00305938 0.00305938 2 2 3
0.013745 0.00304984 0.00304984 2 2 3
0.0137101 0.00304035 0.00304035 2 2 3
0.0136755 0.00303092 0.00303092 2 2 3
0.013641 0.00302155 0.00302155 2 2 3
0.0136067 0.00301223 0.00301223 2 2 3
0.0135726 0.00300297 0.00300297 2 2 3
0.0135386 0.00299376 0.00299376 2 2 3
0.0135049 0.00298461 0.00298461 2 2 3
0.0134713 0.0029755 0.0029755 2 2 3
0.0134379 0.00296645 0.00296645 2 2 3
0.0134046 0.00295746 0.00295746 2 2 3
0.0133716 0.00294851 0.00294851 2 2 3
0.0133387 0.00293962 0.00293962 2 2 3
0.013306 0.00293077 0.00293077 2 2 3
0.0132734 0.00292198 0.00292198 2 2 3
0.0132411 0.00291324 0.00291324 2 2 3
0.0132088 0.00290454 0.00290454 2 2 3
0.0131768 0.0028959 0.0028959 2 2 3
0.0131449 0.0028873 0.0028873 2 2 3
0.0131132 0.00287876 0.00287876 2 2 3
0.0130816 0.00287026 0.00287026 2 2 3
0.0130502 0.0028618 0.0028618 2 2 3
0.013019 0.0028534 0.0028534 2 2 3
0.0129879 0.00284504 0.00284504 2 2 3
0.012957 0.00283673 0.00283673 2 2 3
0.0129262 0.00282847 0.00282847 2 2 3
0.0128956 0.00282025 0.00282025 2 2 3
0.0128651 0.00281207 0.00281207 2 2 3
0.0128348 0.00280394 0.00280394 2 2 3
0.0128046 0.00279586 0.00279586 2 2 3
0.0127746 0.00278782 0.00278782 2 2 3
0.0127447 0.00277982 0.00277982 2 2 3
0.012715 0.00277187 0.00277187 2 2 3
0.0126854 0.00276396 0.00276396 2 2 3
0.012656 0.00275609 0.00275609 2 2 3
0.0126267 0.00274827 0.00274827 2 2 3
0.0125976 0.00274049 0.00274049 2 2 3
0.0125686 0.00273275 0.00273275 2 2 3
0.0125397 0.00272505 0.00272505 2 2 3
0.012511 0.00271739 0.00271739 2 2 3
0.0124824 0.00270977 0.00270977 2 2 3
0.012454 0.0027022 0.0027022 2 2 3
0.0124256 0.00269466 0.00269466 2 2 3
0.0123975 0.00268716 0.00268716 2 2 3
0.0123694 0.00267971 0.00267971 2 2 3
0.0123415 0.00267229 0.00267229 2 2 3
0.0123137 0.00266491 0.00266491 2 2 3
0.0122861 0.00265757 0.00265757 2 2 3
0.0122586 0.00265027 0.00265027 2 2 3
0.0122312 0.00264301 0.00264301 2 2 3
0.012204 0.00263578 0.00263578 2 2 3
0.0121768 0.00262859 0.00262859 2 2 3
0.0121498 0.00262144 0.00262144 2 2 3
0.012123 0.00261433 0.00261433 2 2 3
0.0120962 0.00260725 0.00260725 2 2 3
0.0120696 0.00260021 0.00260021 2 2 3
0.0120431 0.0025932 0.0025932 2 2 3
0.0120167 0.00258623 0.00258623 2 2 3
0.0119904 0.0025793 0.0025793 2 2 3
0.0119643 0.0025724 0.0025724 2 2 3
0.0119383 0.00256554 0.00256554 2 2 3
0.0119124 0.00255871 0.00255871 2 2 3
0.0118866 0.00255191 0.00255191 2 2 3
0.011861 0.00254515 0.00254515 2 2 3
0.0118354 0.00253843 0.00253843 2 2 3
0.01181 0.00253174 0.00253174 2 2 3
0.0117847 0.00252508 0.00252508 2 2 3
0.0117595 0.00251845 0.00251845 2 2 3
0.0117344 0.00251186 0.00251186 2 2 3
0.0117094 0.0025053 0.0025053 2 2 3
0.0116845 0.00249877 0.00249877 2 2 3
0.19307 0.04 0.04 2 3 3
0.192552 0.0398605 0.0398605 2 3 3
0.192035 0.039724 0.039724 2 3 3
0.191006 0.039451 0.039451 2 3 3
0.188971 0.0389117 0.0389117 2 3 3
0.185119 0.0378983 0.0378983 2 3 3
0.179596 0.0364547 0.0364547 2 3 3
0.174203 0.0350577 0.0350577 2 3 3
0.169143 0.0337584 0.0337584 2 3 3
0.164386 0.0325471 0.0325471 2 3 3
0.159905 0.0314154 0.0314154 2 3 3
0.155675 0.0303557 0.0303557 2 3 3
0.151677 0.0293616 0.0293616 2 3 3
0.147891 0.0284273 0.0284273 2 3 3
0.1443 0.0275476 0.0275476 2 3 3
0.140889 0.0267179 0.0267179 2 3 3
0.137646 0.0259342 0.0259342 2 3 3
0.134557 0.0251929 0.0251929 2 3 3
0.131612 0.0244905 0.0244905 2 3 3
0.128801 0.0238243 0.0238243 2 3 3
0.126115 0.0231915 0.0231915 2 3 3
0.123545 0.0225898 0.0225898 2 3 3
0.120974 0.021988 0.021988 2 3 3
0.118622 0.0214439 0.0214439 2 3 3
0.116365 0.0209247 0.0209247 2 3 3
0.114197 0.0204287 0.0204287 2 3 3
0.112113 0.0199545 0.0199545 2 3 3
0.110108 0.0195006 0.0195006 2 3 3
0.108178 0.0190659 0.0190659 2 3 3
0.106319 0.018649 0.018649 2 3 3
0.104526 0.0182491 0.0182491 2 3 3
0.102796 0.0178651 0.0178651 2 3 3
0.101125 0.017496 0.017496 2 3 3
0.0995118 0.0171411 0.0171411 2 3 3
0.0979519 0.0167995 0.0167995 2 3 3
0.0964431 0.0164706 0.0164706 2 3 3
0.0949829 0.0161537 0.0161537 2 3 3
0.0935689 0.015848 0.015848 2 3 3
0.0921988 0.0155531 0.0155531 2 3 3
0.0908707 0.0152685 0.0152685 2 3 3
0.0895826 0.0149935 0.0149935 2 3 3
0.0883327 0.0147277 0.0147277 2 3 3
0.0871193 0.0144707 0.0144707 2 3 3
0.0859408 0.014222 0.014222 2 3 3
0.0847956 0.0139813 0.0139813 2 3 3
0.0836824 0.0137481 0.0137481 2 3 3
0.0825998 0.0135223 0.0135223 2 3 3
0.0815466 0.0133033 0.0133033 2 3 3
0.0805215 0.0130909 0.0130909 2 3 3
0.0795234 0.0128849 0.0128849 2 3 3
0.0785513 0.0126849 0.0126849 2 3 3
0.077604 0.0124906 0.0124906 2 3 3
0.0766807 0.012302 0.012302 2 3 3
0.0757805 0.0121186 0.0121186 2 3 3
0.0749024 0.0119404 0.0119404 2 3 3
0.0740457 0.011767 0.011767 2 3 3
0.0732096 0.0115984 0.0115984 2 3 3
0.0723932 0.0114342 0.0114342 2 3 3
0.071596 0.0112744 0.0112744 2 3 3
0.0708172 0.0111188 0.0111188 2 3 3
0.0700562 0.0109671 0.0109671 2 3 3
0.0693124 0.0108194 0.0108194 2 3 3
0.0685852 0.0106753 0.0106753 2 3 3
0.067874 0.0105349 0.0105349 2 3 3
0.0671783 0.0103979 0.0103979 2 3 3
0.0664976 0.0102642 0.0102642 2 3 3
0.0658314 0.0101338 0.0101338 2 3 3
0.0651792 0.0100064 0.0100064 2 3 3
0.0645406 0.00988204 0.00988204 2 3 3
0.0639152 0.00976057 0.00976057 2 3 3
0.0633025 0.00964189 0.00964189 2 3 3
0.0627021 0.00952591 0.00952591 2 3 3
0.0621138 0.00941255 0.00941255 2 3 3
0.061537 0.0093017 0.0093017 2 3 3
0.0609715 0.00919331 0.00919331 2 3 3
0.060417 0.00908727 0.00908727 2 3 3
0.0598731 0.00898353 0.00898353 2 3 3
0.0593395 0.008882 0.008882 2 3 3
0.0588158 0.00878263 0.00878263 2 3 3
0.058302 0.00868533 0.00868533 2 3 3
0.0577975 0.00859006 0.00859006 2 3 3
0.0573023 0.00849674 0.00849674 2 3 3
0.056816 0.00840532 0.00840532 2 3 3
0.0563384 0.00831575 0.00831575 2 3 3
0.0558692 0.00822796 0.00822796 2 3 3
0.0554083 0.00814192 0.00814192 2 3 3
0.0549554 0.00805755 0.00805755 2 3 3
0.0545103 0.00797483 0.00797483 2 3 3
0.0540727 0.0078937 0.0078937 2 3 3
0.0536426 0.00781412 0.00781412 2 3 3
0.0532197 0.00773604 0.00773604 2 3 3
0.0528038 0.00765942 0.00765942 2 3 3
0.0523948 0.00758423 0.00758423 2 3 3
0.0519925 0.00751043 0.00751043 2 3 3
0.0515966 0.00743797 0.00743797 2 3 3
0.0512071 0.00736682 0.00736682 2 3 3
0.0508238 0.00729695 0.00729695 2 3 3
0.0504466 0.00722832 0.00722832 2 3 3
0.0500753 0.0071609 0.0071609 2 3 3
0.0497097 0.00709466 0.00709466 2 3 3
0.0493498 0.00702958 0.00702958 2 3 3
0.0489953 0.00696561 0.00696561 2 3 3
0.0486462 0.00690274 0.00690274 2 3 3
0.0483024 0.00684093 0.00684093 2 3 3
0.0479637 0.00678016 0.00678016 2 3 3
0.04763 0.0067204 0.0067204 2 3 3
0.0473012 0.00666164 0.00666164 2 3 3
0.0469772 0.00660384 0.00660384 2 3 3
0.0466579 0.00654698 0.00654698 2 3 3
0.0463432 0.00649104 0.00649104 2 3 3
0.0460329 0.00643599 0.00643599 2 3 3
0.045727 0.00638183 0.00638183 2 3 3
0.0454254 0.00632852 0.00632852 2 3 3
0.045128 0.00627605 0.00627605 2 3 3
0.0448348 0.00622439 0.00622439 2 3 3
0.0445455 0.00617353 0.00617353 2 3 3
0.0442602 0.00612346 0.00612346 2 3 3
0.0439787 0.00607415 0.00607415 2 3 3
0.0437011 0.00602558 0.00602558 2 3 3
0.0434271 0.00597774 0.00597774 2 3 3
0.0431567 0.00593062 0.00593062 2 3 3
0.0428899 0.0058842 0.0058842 2 3 3
0.0426266 0.00583845 0.00583845 2 3 3
0.0423667 0.00579338 0.00579338 2 3 3
0.0421102 0.00574896 0.00574896 2 3 3
0.0418569 0.00570518 0.00570518 2 3 3
0.0416068 0.00566203 0.00566203 2 3 3
0.0413599 0.00561949 0.00561949 2 3 3
0.0411161 0.00557756 0.00557756 2 3 3
0.0408754 0.00553621 0.00553621 2 3 3
0.0406376 0.00549544 0.00549544 2 3 3
0.0404027 0.00545523 0.00545523 2 3 3
0.0401707 0.00541557 0.00541557 2 3 3
0.0399415 0.00537646 0.00537646 2 3 3
0.0397151 0.00533788 0.00533788 2 3 3
0.0394914 0.00529982 0.00529982 2 3 3
0.0392703 0.00526227 0.00526227 2 3 3
0.0390519 0.00522522 0.00522522 2 3 3
0.038836 0.00518866 0.00518866 2 3 3
0.0386227 0.00515258 0.00515258 2 3 3
0.0384118 0.00511698 0.00511698 2 3 3
0.0382034 0.00508184 0.00508184 2 3 3
0.0379974 0.00504715 0.00504715 2 3 3
0.0377937 0.0050129 0.0050129 2 3 3
0.0375923 0.0049791 0.0049791 2 3 3
0.0373932 0.00494572 0.00494572 2 3 3
0.0371963 0.00491277 0.00491277 2 3 3
0.0370016 0.00488022 0.00488022 2 3 3
0.036809 0.00484809 0.00484809 2 3 3
0.0366186 0.00481635 0.00481635 2 3 3
0.0364303 0.004785 0.004785 2 3 3
0.036244 0.00475404 0.00475404 2 3 3
0.0360597 0.00472345 0.00472345 2 3 3
0.0358774 0.00469324 0.00469324 2 3 3
0.035697 0.00466339 0.00466339 2 3 3
0.0355186 0.00463389 0.00463389 2 3 3
0.0353421 0.00460475 0.00460475 2 3 3
0.0351674 0.00457595 0.00457595 2 3 3
0.0349945 0.00454749 0.00454749 2 3 3
0.0348234 0.00451937 0.00451937 2 3 3
0.0346541 0.00449157 0.00449157 2 3 3
0.0344866 0.00446409 0.00446409 2 3 3
0.0343207 0.00443693 0.00443693 2 3 3
0.0341566 0.00441008 0.00441008 2 3 3
0.0339941 0.00438354 0.00438354 2 3 3
0.0338332 0.0043573 0.0043573 2 3 3
0.033674 0.00433135 0.00433135 2 3 3
0.0335163 0.0043057 0.0043057 2 3 3
0.0333602 0.00428033 0.00428033 2 3 3
0.0332056 0.00425524 0.00425524 2 3 3
0.0330526 0.00423043 0.00423043 2 3 3
0.032901 0.00420589 0.00420589 2 3 3
0.0327509 0.00418162 0.00418162 2 3 3
0.0326023 0.00415762 0.00415762 2 3 3
0.0324551 0.00413387 0.00413387 2 3 3
0.0323092 0.00411038 0.00411038 2 3 3
0.0321648 0.00408714 0.00408714 2 3 3
0.0320218 0.00406415 0.00406415 2 3 3
0.0318801 0.0040414 0.0040414 2 3 3
0.0317397 0.00401889 0.00401889 2 3 3
0.0316006 0.00399662 0.00399662 2 3 3
0.0314628 0.00397458 0.00397458 2 3 3
0.0313263 0.00395277 0.00395277 2 3 3
0.031191 0.00393119 0.00393119 2 3 3
0.031057 0.00390983 0.00390983 2 3 3
0.0309242 0.00388868 0.00388868 2 3 3
0.0307926 0.00386775 0.00386775 2 3 3
0.0306622 0.00384704 0.00384704 2 3 3
0.0305329 0.00382653 0.00382653 2 3 3
0.0304048 0.00380623 0.00380623 2 3 3
0.0302779 0.00378613 0.00378613 2 3 3
0.0301521 0.00376623 0.00376623 2 3 3
0.0300273 0.00374653 0.00374653 2 3 3
0.0299037 0.00372703 0.00372703 2 3 3
0.0297811 0.00370771 0.00370771 2 3 3
0.0296596 0.00368858 0.00368858 2 3 3
0.0295392 0.00366964 0.00366964 2 3 3
0.0294198 0.00365089 0.00365089 2 3 3
0.0293014 0.00363231 0.00363231 2 3 3
0.029184 0.00361391 0.00361391 2 3 3
0.029185 0.00361391 0.00361391 2 3 3
0.0291757 0.00361262 0.00361262 2 3 3
0.0291663 0.00361116 0.00361116 2 3 3
0.0291476 0.00360823 0.00360823 2 3 3
0.0291103 0.00360239 0.00360239 2 3 3
0.0290359 0.00359074 0.00359074 2 3 3
0.0289202 0.00357265 0.00357265 2 3 3
0.0288059 0.00355478 0.00355478 2 3 3
0.0286927 0.00353712 0.00353712 2 3 3
0.0285804 0.00351962 0.00351962 2 3 3
0.0284691 0.00350229 0.00350229 2 3 3
0.0283587 0.00348512 0.00348512 2 3 3
0.0282492 0.0034681 0.0034681 2 3 3
0.0281405 0.00345124 0.00345124 2 3 3
0.0280328 0.00343454 0.00343454 2 3 3
0.0279259 0.00341799 0.00341799 2 3 3
0.0278199 0.00340159 0.00340159 2 3 3
0.0277148 0.00338533 0.00338533 2 3 3
0.0276105 0.00336923 0.00336923 2 3 3
0.027507 0.00335327 0.00335327 2 3 3
0.0274044 0.00333745 0.00333745 2 3 3
0.0273025 0.00332177 0.00332177 2 3 3
0.0272015 0.00330623 0.00330623 2 3 3
0.0271012 0.00329083 0.00329083 2 3 3
0.0270018 0.00327556 0.00327556 2 3 3
0.0269031 0.00326043 0.00326043 2 3 3
0.0268052 0.00324543 0.00324543 2 3 3
0.026708 0.00323055 0.00323055 2 3 3
0.0266116 0.00321581 0.00321581 2 3 3
0.0265159 0.0032012 0.0032012 2 3 3
0.0264209 0.0031867 0.0031867 2 3 3
0.0263267 0.00317234 0.00317234 2 3 3
0.0262331 0.00315809 0.00315809 2 3 3
0.0261403 0.00314397 0.00314397 2 3 3
0.0260482 0.00312996 0.00312996 2 3 3
0.0259567 0.00311608 0.00311608 2 3 3
0.025866 0.00310231 0.00310231 2 3 3
0.0257759 0.00308865 0.00308865 2 3 3
0.0256865 0.00307511 0.00307511 2 3 3
0.0255977 0.00306168 0.00306168 2 3 3
0.0255096 0.00304836 0.00304836 2 3 3
0.0254221 0.00303515 0.00303515 2 3 3
0.0253353 0.00302204 0.00302204 2 3 3
0.0252491 0.00300905 0.00300905 2 3 3
0.0251635 0.00299616 0.00299616 2 3 3
0.0250785 0.00298337 0.00298337 2 3 3
0.0249941 0.00297069 0.00297069 2 3 3
0.0249104 0.00295811 0.00295811 2 3 3
0.0248272 0.00294563 0.00294563 2 3 3
0.0247446 0.00293324 0.00293324 2 3 3
0.0246626 0.00292096 0.00292096 2 3 3
0.0245812 0.00290877 0.00290877 2 3 3
0.0245003 0.00289668 0.00289668 2 3 3
0.02442 0.00288469 0.00288469 2 3 3
0.0243403 0.00287279 0.00287279 2 3 3
0.0242611 0.00286098 0.00286098 2 3 3
0.0241825 0.00284926 0.00284926 2 3 3
0.0241044 0.00283763 0.00283763 2 3 3
0.0240268 0.0028261 0.0028261 2 3 3
0.0239498 0.00281465 0.00281465 2 3 3
0.0238733 0.00280329 0.00280329 2 3 3
0.0237973 0.00279201 0.00279201 2 3 3
0.0237218 0.00278082 0.00278082 2 3 3
0.0236468 0.00276972 0.00276972 2 3 3
0.0235724 0.0027587 0.0027587 2 3 3
0.0234984 0.00274776 0.00274776 2 3 3
0.0234249 0.0027369 0.0027369 2 3 3
0.0233519 0.00272613 0.00272613 2 3 3
0.0232794 0.00271543 0.00271543 2 3 3
0.0232074 0.00270481 0.00270481 2 3 3
0.0231358 0.00269428 0.00269428 2 3 3
0.0230647 0.00268382 0.00268382 2 3 3
0.0229941 0.00267343 0.00267343 2 3 3
0.0229239 0.00266313 0.00266313 2 3 3
0.0228542 0.00265289 0.00265289 2 3 3
0.0227849 0.00264273 0.00264273 2 3 3
0.0227161 0.00263265 0.00263265 2 3 3
0.0226477 0.00262264 0.00262264 2 3 3
0.0225797 0.0026127 0.0026127 2 3 3
0.0225122 0.00260283 0.00260283 2 3 3
0.0224451 0.00259303 0.00259303 2 3 3
0.0223785 0.0025833 0.0025833 2 3 3
0.0223122 0.00257364 0.00257364 2 3 3
0.0222464 0.00256405 0.00256405 2 3 3
0.022181 0.00255452 0.00255452 2 3 3
0.022116 0.00254506 0.00254506 2 3 3
0.0220513 0.00253567 0.00253567 2 3 3
0.0219871 0.00252635 0.00252635 2 3 3
0.0219233 0.00251708 0.00251708 2 3 3
0.0218599 0.00250789 0.00250789 2 3 3
0.0217969 0.00249875 0.00249875 2 3 3
0.0217342 0.00248968 0.00248968 2 3 3
0.021672 0.00248067 0.00248067 2 3 3
0.0216101 0.00247172 0.00247172 2 3 3
0.0215486 0.00246284 0.00246284 2 3 3
0.0214874 0.00245401 0.00245401 2 3 3
0.0214267 0.00244525 0.00244525 2 3 3
0.0213663 0.00243654 0.00243654 2 3 3
0.0213062 0.00242789 0.00242789 2 3 3
0.0212465 0.0024193 0.0024193 2 3 3
0.0211872 0.00241076 0.00241076 2 3 3
0.0211282 0.00240229 0.00240229 2 3 3
0.0210696 0.00239387 0.00239387 2 3 3
0.0210113 0.0023855 0.0023855 2 3 3
0.0209533 0.00237719 0.00237719 2 3 3
0.0208957 0.00236894 0.00236894 2 3 3
0.0208385 0.00236074 0.00236074 2 3 3
0.0207815 0.00235259 0.00235259 2 3 3
0.0207249 0.0023445 0.0023445 2 3 3
0.0206686 0.00233646 0.00233646 2 3 3
0.0206127 0.00232847 0.00232847 2 3 3
0.020557 0.00232053 0.00232053 2 3 3
0.0205017 0.00231264 0.00231264 2 3 3
0.0204467 0.00230481 0.00230481 2 3 3
0.020392 0.00229702 0.00229702 2 3 3
0.0203376 0.00228929 0.00228929 2 3 3
0.0202836 0.0022816 0.0022816 2 3 3
0.0202298 0.00227396 0.00227396 2 3 3
0.0201763 0.00226637 0.00226637 2 3 3
0.0201232 0.00225883 0.00225883 2 3 3
0.0200703 0.00225133 0.00225133 2 3 3
0.0200177 0.00224389 0.00224389 2 3 3
0.0199654 0.00223649 0.00223649 2 3 3
0.0199134 0.00222913 0.00222913 2 3 3
0.0198617 0.00222182 0.00222182 2 3 3
0.0198103 0.00221456 0.00221456 2 3 3
0.0197592 0.00220734 0.00220734 2 3 3
0.0197083 0.00220016 0.00220016 2 3 3
0.0196577 0.00219303 0.00219303 2 3 3
0.0196074 0.00218595 0.00218595 2 3 3
0.0195574 0.0021789 0.0021789 2 3 3
0.0195076 0.0021719 0.0021719 2 3 3
0.0194581 0.00216494 0.00216494 2 3 3
0.0194089 0.00215803 0.00215803 2 3 3
0.0193599 0.00215115 0.00215115 2 3 3
0.0193112 0.00214432 0.00214432 2 3 3
0.0192628 0.00213753 0.00213753 2 3 3
0.0192146 0.00213078 0.00213078 2 3 3
0.0191667 0.00212407 0.00212407 2 3 3
0.019119 0.00211739 0.00211739 2 3 3
0.0190716 0.00211076 0.00211076 2 3 3
0.0190244 0.00210417 0.00210417 2 3 3
0.0189775 0.00209762 0.00209762 2 3 3
0.0189308 0.0020911 0.0020911 2 3 3
0.0188843 0.00208463 0.00208463 2 3 3
0.0188381 0.00207819 0.00207819 2 3 3
0.0187922 0.00207179 0.00207179 2 3 3
0.0187465 0.00206542 0.00206542 2 3 3
0.018701 0.00205909 0.00205909 2 3 3
0.0186557 0.0020528 0.0020528 2 3 3
0.0186107 0.00204655 0.00204655 2 3 3
0.0185659 0.00204033 0.00204033 2 3 3
0.0185214 0.00203415 0.00203415 2 3 3
0.018477 0.002028 0.002028 2 3 3
0.0184329 0.00202189 0.00202189 2 3 3
0.0183891 0.00201581 0.00201581 2 3 3
0.0183454 0.00200977 0.00200977 2 3 3
0.0183019 0.00200376 0.00200376 2 3 3
0.0182587 0.00199779 0.00199779 2 3 3
0.0182157 0.00199185 0.00199185 2 3 3
0.0181729 0.00198594 0.00198594 2 3 3
0.0181303 0.00198007 0.00198007 2 3 3
0.018088 0.00197422 0.00197422 2 3 3
0.0180458 0.00196841 0.00196841 2 3 3
0.0180039 0.00196264 0.00196264 2 3 3
0.0179621 0.00195689 0.00195689 2 3 3
0.0179206 0.00195118 0.00195118 2 3 3
0.0178793 0.0019455 0.0019455 2 3 3
0.0178381 0.00193985 0.00193985 2 3 3
0.0177972 0.00193423 0.00193423 2 3 3
0.0177565 0.00192864 0.00192864 2 3 3
0.0177159 0.00192308 0.00192308 2 3 3
0.0176756 0.00191756 0.00191756 2 3 3
0.0176354 0.00191206 0.00191206 2 3 3
0.0175955 0.00190659 0.00190659 2 3 3
0.0175557 0.00190115 0.00190115 2 3 3
0.0175162 0.00189575 0.00189575 2 3 3
0.0174768 0.00189037 0.00189037 2 3 3
0.0174376 0.00188501 0.00188501 2 3 3
0.0173986 0.00187969 0.00187969 2 3 3
0.0173598 0.0018744 0.0018744 2 3 3
0.0173212 0.00186913 0.00186913 2 3 3
0.0172827 0.0018639 0.0018639 2 3 3
0.0172444 0.00185869 0.00185869 2 3 3
0.0172063 0.0018535 0.0018535 2 3 3
0.0171684 0.00184835 0.00184835 2 3 3
0.0171307 0.00184322 0.00184322 2 3 3
0.0170931 0.00183812 0.00183812 2 3 3
0.0170557 0.00183304 0.00183304 2 3 3
0.0170185 0.001828 0.001828 2 3 3
0.0169815 0.00182297 0.00182297 2 3 3
0.0169446 0.00181798 0.00181798 2 3 3
0.0169079 0.00181301 0.00181301 2 3 3
0.0168714 0.00180807 0.00180807 2 3 3
0.016835 0.00180315 0.00180315 2 3 3
0.0167988 0.00179825 0.00179825 2 3 3
0.0167628 0.00179339 0.00179339 2 3 3
0.0167269 0.00178854 0.00178854 2 3 3
0.0166912 0.00178372 0.00178372 2 3 3
0.0166557 0.00177893 0.00177893 2 3 3
0.19307 0.04 0.04 2 3 3
0.193591 0.0401368 0.0401368 2 3 3
0.194114 0.0402767 0.0402767 2 3 3
0.195164 0.0405564 0.0405564 2 3 3
0.197289 0.0411228 0.0411228 2 3 3
0.201786 0.0423314 0.0423314 2 3 3
0.208893 0.0442556 0.0442556 2 3 3
0.216886 0.0464432 0.0464432 2 3 3
0.225559 0.0488443 0.0488443 2 3 3
0.235003 0.0514908 0.0514908 2 3 3
0.24533 0.0544214 0.0544214 2 3 3
0.256671 0.0576834 0.0576834 2 3 3
0.269188 0.0613347 0.0613347 2 3 3
0.283076 0.0654476 0.0654476 2 3 3
0.29858 0.0701131 0.0701131 2 3 3
0.316007 0.0754473 0.0754473 2 3 3
0.335744 0.081601 0.081601 2 3 3
0.358295 0.0887729 0.0887729 2 3 3
0.38432 0.0972301 0.0972301 2 3 3
0.414708 0.10734 0.10734 2 3 3
0.450675 0.119623 0.119623 2 3 3
0.493938 0.134831 0.134831 2 3 3
0.546992 0.154102 0.154102 2 3 3
0.613587 0.179217 0.179217 2 3 3
0.699459 0.213087 0.213087 2 3 3
0.813996 0.260683 0.260683 2 3 3
0.971874 0.330697 0.330697 2 3 3
1.19342 0.437396 0.437396 2 3 3
1.49309 0.597845 0.597845 2 3 3
1.85415 0.818866 0.818866 2 3 3
2.23587 1.09505 1.09505 2 3 3
0.0166559 0.00177893 0.00177893 2 3 3
0.016653 0.00177857 0.00177857 2 3 3
0.0166502 0.00177819 0.00177819 2 3 3
0.0166445 0.00177742 0.00177742 2 3 3
0.0166332 0.0017759 0.0017759 2 3 3
0.0166105 0.00177285 0.00177285 2 3 3
0.0165753 0.00176809 0.00176809 2 3 3
0.0165402 0.00176338 0.00176338 2 3 3
0.0165054 0.00175868 0.00175868 2 3 3
0.0164707 0.00175402 0.00175402 2 3 3
0.0164361 0.00174937 0.00174937 2 3 3
0.0164017 0.00174475 0.00174475 2 3 3
0.0163675 0.00174015 0.00174015 2 3 3
0.0163334 0.00173558 0.00173558 2 3 3
0.0162994 0.00173103 0.00173103 2 3 3
0.0162656 0.0017265 0.0017265 2 3 3
0.016232 0.00172199 0.00172199 2 3 3
0.0161985 0.00171751 0.00171751 2 3 3
0.0161651 0.00171304 0.00171304 2 3 3
0.0161319 0.0017086 0.0017086 2 3 3
0.0160989 0.00170418 0.00170418 2 3 3
0.016066 0.00169979 0.00169979 2 3 3
0.0160332 0.00169541 0.00169541 2 3 3
0.0160005 0.00169105 0.00169105 2 3 3
0.0159681 0.00168672 0.00168672 2 3 3
0.0159357 0.00168241 0.00168241 2 3 3
0.0159035 0.00167812 0.00167812 2 3 3
0.0158714 0.00167385 0.00167385 2 3 3
0.0158395 0.0016696 0.0016696 2 3 3
0.0158077 0.00166537 0.00166537 2 3 3
0.015776 0.00166116 0.00166116 2 3 3
0.0157445 0.00165697 0.00165697 2 3 3
0.0157131 0.0016528 0.0016528 2 3 3
0.0156818 0.00164865 0.00164865 2 3 3
0.0156507 0.00164452 0.00164452 2 3 3
0.0156197 0.00164041 0.00164041 2 3 3
0.0155888 0.00163631 0.00163631 2 3 3
0.0155581 0.00163224 0.00163224 2 3 3
0.0155275 0.00162819 0.00162819 2 3 3
0.015497 0.00162416 0.00162416 2 3 3
0.0154666 0.00162014 0.00162014 2 3 3
0.0154364 0.00161614 0.00161614 2 3 3
0.0154063 0.00161217 0.00161217 2 3 3
0.0153763 0.00160821 0.00160821 2 3 3
0.0153464 0.00160427 0.00160427 2 3 3
0.0153167 0.00160035 0.00160035 2 3 3
0.0152871 0.00159644 0.00159644 2 3 3
0.0152576 0.00159255 0.00159255 2 3 3
0.0152282 0.00158869 0.00158869 2 3 3
0.015199 0.00158484 0.00158484 2 3 3
0.0151699 0.001581 0.001581 2 3 3
0.0151408 0.00157719 0.00157719 2 3 3
0.0151119 0.00157339 0.00157339 2 3 3
0.0150832 0.00156961 0.00156961 2 3 3
0.0150545 0.00156585 0.00156585 2 3 3
0.015026 0.0015621 0.0015621 2 3 3
0.0149975 0.00155837 0.00155837 2 3 3
0.0149692 0.00155466 0.00155466 2 3 3
0.014941 0.00155096 0.00155096 2 3 3
0.0149129 0.00154728 0.00154728 2 3 3
0.0148849 0.00154362 0.00154362 2 3 3
0.0148571 0.00153997 0.00153997 2 3 3
0.0148293 0.00153634 0.00153634 2 3 3
0.0148017 0.00153273 0.00153273 2 3 3
0.0147741 0.00152913 0.00152913 2 3 3
0.0147467 0.00152555 0.00152555 2 3 3
0.0147194 0.00152198 0.00152198 2 3 3
0.0146922 0.00151843 0.00151843 2 3 3
0.0146651 0.0015149 0.0015149 2 3 3
0.0146381 0.00151138 0.00151138 2 3 3
0.0146112 0.00150788 0.00150788 2 3 3
0.0145844 0.00150439 0.00150439 2 3 3
0.0145577 0.00150092 0.00150092 2 3 3
0.0145311 0.00149746 0.00149746 2 3 3
0.0145046 0.00149401 0.00149401 2 3 3
0.0144783 0.00149059 0.00149059 2 3 3
0.014452 0.00148717 0.00148717 2 3 3
0.0144258 0.00148378 0.00148378 2 3 3
0.0143997 0.00148039 0.00148039 2 3 3
0.0143738 0.00147702 0.00147702 2 3 3
0.0143479 0.00147367 0.00147367 2 3 3
0.0143221 0.00147033 0.00147033 2 3 3
0.0142964 0.001467 0.001467 2 3 3
0.0142709 0.00146369 0.00146369 2 3 3
0.0142454 0.0014604 0.0014604 2 3 3
0.01422 0.00145711 0.00145711 2 3 3
0.0141947 0.00145384 0.00145384 2 3 3
0.0141695 0.00145059 0.00145059 2 3 3
0.0141444 0.00144735 0.00144735 2 3 3
0.0141194 0.00144412 0.00144412 2 3 3
0.0140945 0.0014409 0.0014409 2 3 3
0.0140697 0.0014377 0.0014377 2 3 3
0.0140449 0.00143452 0.00143452 2 3 3
0.0140203 0.00143134 0.00143134 2 3 3
0.0139958 0.00142818 0.00142818 2 3 3
0.0139713 0.00142503 0.00142503 2 3 3
0.013947 0.0014219 0.0014219 2 3 3
0.0139227 0.00141878 0.00141878 2 3 3
0.0138985 0.00141567 0.00141567 2 3 3
0.0138744 0.00141257 0.00141257 2 3 3
0.0138504 0.00140949 0.00140949 2 3 3
0.0138265 0.00140642 0.00140642 2 3 3
0.0138027 0.00140336 0.00140336 2 3 3
0.0137789 0.00140032 0.00140032 2 3 3
0.0137553 0.00139729 0.00139729 2 3 3
0.0137317 0.00139427 0.00139427 2 3 3
0.0137083 0.00139126 0.00139126 2 3 3
0.0136849 0.00138827 0.00138827 2 3 3
0.0136615 0.00138528 0.00138528 2 3 3
0.0136383 0.00138231 0.00138231 2 3 3
0.0136152 0.00137935 0.00137935 2 3 3
0.0135921 0.00137641 0.00137641 2 3 3
0.0135691 0.00137347 0.00137347 2 3 3
0.0135462 0.00137055 0.00137055 2 3 3
0.0135234 0.00136764 0.00136764 2 3 3
0.0135007 0.00136474 0.00136474 2 3 3
0.0134781 0.00136185 0.00136185 2 3 3
0.0134555 0.00135897 0.00135897 2 3 3
0.013433 0.00135611 0.00135611 2 3 3
0.0134106 0.00135325 0.00135325 2 3 3
0.0133883 0.00135041 0.00135041 2 3 3
0.013366 0.00134758 0.00134758 2 3 3
0.0133438 0.00134476 0.00134476 2 3 3
0.0133218 0.00134195 0.00134195 2 3 3
0.0132997 0.00133916 0.00133916 2 3 3
0.0132778 0.00133637 0.00133637 2 3 3
0.0132559 0.00133359 0.00133359 2 3 3
0.0132341 0.00133083 0.00133083 2 3 3
0.0132124 0.00132808 0.00132808 2 3 3
0.0131908 0.00132533 0.00132533 2 3 3
0.0131692 0.0013226 0.0013226 2 3 3
0.0131478 0.00131988 0.00131988 2 3 3
0.0131264 0.00131717 0.00131717 2 3 3
0.013105 0.00131447 0.00131447 2 3 3
0.0130838 0.00131178 0.00131178 2 3 3
0.0130626 0.0013091 0.0013091 2 3 3
0.0130415 0.00130643 0.00130643 2 3 3
0.0130204 0.00130377 0.00130377 2 3 3
0.0129994 0.00130112 0.00130112 2 3 3
0.0129785 0.00129848 0.00129848 2 3 3
0.0129577 0.00129586 0.00129586 2 3 3
0.012937 0.00129324 0.00129324 2 3 3
0.0129163 0.00129063 0.00129063 2 3 3
0.0128956 0.00128803 0.00128803 2 3 3
0.0128751 0.00128544 0.00128544 2 3 3
0.0128546 0.00128286 0.00128286 2 3 3
0.0128342 0.0012803 0.0012803 2 3 3
0.0128139 0.00127774 0.00127774 2 3 3
0.0127936 0.00127519 0.00127519 2 3 3
0.0127734 0.00127265 0.00127265 2 3 3
0.0127533 0.00127012 0.00127012 2 3 3
0.0127332 0.0012676 0.0012676 2 3 3
0.0127132 0.00126509 0.00126509 2 3 3
0.0126933 0.00126258 0.00126258 2 3 3
0.0126734 0.00126009 0.00126009 2 3 3
0.0126536 0.00125761 0.00125761 2 3 3
0.0126339 0.00125513 0.00125513 2 3 3
0.0126142 0.00125267 0.00125267 2 3 3
0.0125946 0.00125021 0.00125021 2 3 3
0.012575 0.00124777 0.00124777 2 3 3
0.0125556 0.00124533 0.00124533 2 3 3
0.0125362 0.0012429 0.0012429 2 3 3
0.0125168 0.00124048 0.00124048 2 3 3
0.0124975 0.00123807 0.00123807 2 3 3
0.0124783 0.00123567 0.00123567 2 3 3
0.0124591 0.00123328 0.00123328 2 3 3
0.01244 0.00123089 0.00123089 2 3 3
0.012421 0.00122852 0.00122852 2 3 3
0.012402 0.00122615 0.00122615 2 3 3
0.0123831 0.00122379 0.00122379 2 3 3
0.0123643 0.00122145 0.00122145 2 3 3
0.0123455 0.0012191 0.0012191 2 3 3
0.0123268 0.00121677 0.00121677 2 3 3
0.0123081 0.00121445 0.00121445 2 3 3
0.0122895 0.00121213 0.00121213 2 3 3
0.0122709 0.00120983 0.00120983 2 3 3
0.0122524 0.00120753 0.00120753 2 3 3
0.012234 0.00120524 0.00120524 2 3 3
0.0122156 0.00120295 0.00120295 2 3 3
0.0121973 0.00120068 0.00120068 2 3 3
0.0121791 0.00119841 0.00119841 2 3 3
0.0121609 0.00119616 0.00119616 2 3 3
0.0121427 0.00119391 0.00119391 2 3 3
0.0121247 0.00119166 0.00119166 2 3 3
0.0121066 0.00118943 0.00118943 2 3 3
0.0120887 0.0011872 0.0011872 2 3 3
0.0120708 0.00118499 0.00118499 2 3 3
0.0120529 0.00118277 0.00118277 2 3 3
0.0120351 0.00118057 0.00118057 2 3 3
0.0120174 0.00117838 0.00117838 2 3 3
0.0119997 0.00117619 0.00117619 2 3 3
0.011982 0.00117401 0.00117401 2 3 3
0.0119645 0.00117184 0.00117184 2 3 3
0.0119469 0.00116968 0.00116968 2 3 3
0.0119295 0.00116752 0.00116752 2 3 3
0.0119121 0.00116537 0.00116537 2 3 3
0.0118947 0.00116323 0.00116323 2 3 3
0.0118774 0.00116109 0.00116109 2 3 3
0.0118601 0.00115897 0.00115897 2 3 3
0.0118429 0.00115685 0.00115685 2 3 3
0.0166559 0.00177893 0.00177893 2 3 3
0.016653 0.00177857 0.00177857 2 3 3
0.0166502 0.00177819 0.00177819 2 3 3
0.0166445 0.00177742 0.00177742 2 3 3
0.0166332 0.0017759 0.0017759 2 3 3
0.0166105 0.00177285 0.00177285 2 3 3
0.0165753 0.00176809 0.00176809 2 3 3
0.0165402 0.00176338 0.00176338 2 3 3
0.0165054 0.00175868 0.00175868 2 3 3
0.0164707 0.00175402 0.00175402 2 3 3
0.0164361 0.00174937 0.00174937 2 3 3
0.0164017 0.00174475 0.00174475 2 3 3
0.0163675 0.00174015 0.00174015 2 3 3
0.0163334 0.00173558 0.00173558 2 3 3
0.0162994 0.00173103 0.00173103 2 3 3
0.0162656 0.0017265 0.0017265 2 3 3
0.016232 0.00172199 0.00172199 2 3 3
0.0161985 0.00171751 0.00171751 2 3 3
0.0161651 0.00171304 0.00171304 2 3 3
0.0161319 0.0017086 0.0017086 2 3 3
0.0160989 0.00170418 0.00170418 2 3 3
0.016066 0.00169979 0.00169979 2 3 3
0.0160332 0.00169541 0.00169541 2 3 3
0.0160005 0.00169105 0.00169105 2 3 3
0.0159681 0.00168672 0.00168672 2 3 3
0.0159357 0.00168241 0.00168241 2 3 3
0.0159035 0.00167812 0.00167812 2 3 3
0.0158714 0.00167385 0.00167385 2 3 3
0.0158395 0.0016696 0.0016696 2 3 3
0.0158077 0.00166537 0.00166537 2 3 3
0.015776 0.00166116 0.00166116 2 3 3
0.0157445 0.00165697 0.00165697 2 3 3
0.0157131 0.0016528 0.0016528 2 3 3
0.0156818 0.00164865 0.00164865 2 3 3
0.0156507 0.00164452 0.00164452 2 3 3
0.0156197 0.00164041 0.00164041 2 3 3
0.0155888 0.00163631 0.00163631 2 3 3
0.0155581 0.00163224 0.00163224 2 3 3
0.0155275 0.00162819 0.00162819 2 3 3
0.015497 0.00162416 0.00162416 2 3 3
0.0154666 0.00162014 0.00162014 2 3 3
0.0154364 0.00161614 0.00161614 2 3 3
0.0154063 0.00161217 0.00161217 2 3 3
0.0153763 0.00160821 0.00160821 2 3 3
0.0153464 0.00160427 0.00160427 2 3 3
0.0153167 0.00160035 0.00160035 2 3 3
0.0152871 0.00159644 0.00159644 2 3 3
0.0152576 0.00159255 0.00159255 2 3 3
0.0152282 0.00158869 0.00158869 2 3 3
0.015199 0.00158484 0.00158484 2 3 3
0.0151699 0.001581 0.001581 2 3 3
0.0151408 0.00157719 0.00157719 2 3 3
0.0151119 0.00157339 0.00157339 2 3 3
0.0150832 0.00156961 0.00156961 2 3 3
0.0150545 0.00156585 0.00156585 2 3 3
0.015026 0.0015621 0.0015621 2 3 3
0.0149975 0.00155837 0.00155837 2 3 3
0.0149692 0.00155466 0.00155466 2 3 3
0.014941 0.00155096 0.00155096 2 3 3
0.0149129 0.00154728 0.00154728 2 3 3
0.0148849 0.00154362 0.00154362 2 3 3
0.0148571 0.00153997 0.00153997 2 3 3
0.0148293 0.00153634 0.00153634 2 3 3
0.0148017 0.00153273 0.00153273 2 3 3
0.0147741 0.00152913 0.00152913 2 3 3
0.0147467 0.00152555 0.00152555 2 3 3
0.0147194 0.00152198 0.00152198 2 3 3
0.0146922 0.00151843 0.00151843 2 3 3
0.0146651 0.0015149 0.0015149 2 3 3
0.0146381 0.00151138 0.00151138 2 3 3
0.0146112 0.00150788 0.00150788 2 3 3
0.0145844 0.00150439 0.00150439 2 3 3
0.0145577 0.00150092 0.00150092 2 3 3
0.0145311 0.00149746 0.00149746 2 3 3
0.0145046 0.00149401 0.00149401 2 3 3
0.0144783 0.00149059 0.00149059 2 3 3
0.014452 0.00148717 0.00148717 2 3 3
0.0144258 0.00148378 0.00148378 2 3 3
0.0143997 0.00148039 0.00148039 2 3 3
0.0143738 0.00147702 0.00147702 2 3 3
0.0143479 0.00147367 0.00147367 2 3 3
0.0143221 0.00147033 0.00147033 2 3 3
0.0142964 0.001467 0.001467 2 3 3
0.0142709 0.00146369 0.00146369 2 3 3
0.0142454 0.0014604 0.0014604 2 3 3
0.01422 0.00145711 0.00145711 2 3 3
0.0141947 0.00145384 0.00145384 2 3 3
0.0141695 0.00145059 0.00145059 2 3 3
0.0141444 0.00144735 0.00144735 2 3 3
0.0141194 0.00144412 0.00144412 2 3 3
0.0140945 0.0014409 0.0014409 2 3 3
0.0140697 0.0014377 0.0014377 2 3 3
0.0140449 0.00143452 0.00143452 2 3 3
0.0140203 0.00143134 0.00143134 2 3 3
0.0139958 0.00142818 0.00142818 2 3 3
0.0139713 0.00142503 0.00142503 2 3 3
0.013947 0.0014219 0.0014219 2 3 3
0.0139227 0.00141878 0.00141878 2 3 3
0.0138985 0.00141567 0.00141567 2 3 3
0.0138744 0.00141257 0.00141257 2 3 3
0.0138504 0.00140949 0.00140949 2 3 3
0.0138265 0.00140642 0.00140642 2 3 3
0.0138027 0.00140336 0.00140336 2 3 3
0.0137789 0.00140032 0.00140032 2 3 3
0.0137553 0.00139729 0.00139729 2 3 3
0.0137317 0.00139427 0.00139427 2 3 3
0.0137083 0.00139126 0.00139126 2 3 3
0.0136849 0.00138827 0.00138827 2 3 3
0.0136615 0.00138528 0.00138528 2 3 3
0.0136383 0.00138231 0.00138231 2 3 3
0.0136152 0.00137935 0.00137935 2 3 3
0.0135921 0.00137641 0.00137641 2 3 3
0.0135691 0.00137347 0.00137347 2 3 3
0.0135462 0.00137055 0.00137055 2 3 3
0.0135234 0.00136764 0.00136764 2 3 3
0.0135007 0.00136474 0.00136474 2 3 3
0.0134781 0.00136185 0.00136185 2 3 3
0.0134555 0.00135897 0.00135897 2 3 3
0.013433 0.00135611 0.00135611 2 3 3
0.0134106 0.00135325 0.00135325 2 3 3
0.0133883 0.00135041 0.00135041 2 3 3
0.013366 0.00134758 0.00134758 2 3 3
0.0133438 0.00134476 0.00134476 2 3 3
0.0133218 0.00134195 0.00134195 2 3 3
0.0132997 0.00133916 0.00133916 2 3 3
0.0132778 0.00133637 0.00133637 2 3 3
0.0132559 0.00133359 0.00133359 2 3 3
0.0132341 0.00133083 0.00133083 2 3 3
0.0132124 0.00132808 0.00132808 2 3 3
0.0131908 0.00132533 0.00132533 2 3 3
0.0131692 0.0013226 0.0013226 2 3 3
0.0131478 0.00131988 0.00131988 2 3 3
0.0131264 0.00131717 0.00131717 2 3 3
0.013105 0.00131447 0.00131447 2 3 3
0.0130838 0.00131178 0.00131178 2 3 3
0.0130626 0.0013091 0.0013091 2 3 3
0.0130415 0.00130643 0.00130643 2 3 3
0.0130204 0.00130377 0.00130377 2 3 3
0.0129994 0.00130112 0.00130112 2 3 3
0.0129785 0.00129848 0.00129848 2 3 3
0.0129577 0.00129586 0.00129586 2 3 3
0.012937 0.00129324 0.00129324 2 3 3
0.0129163 0.00129063 0.00129063 2 3 3
0.0128956 0.00128803 0.00128803 2 3 3
0.0128751 0.00128544 0.00128544 2 3 3
0.0128546 0.00128286 0.00128286 2 3 3
0.0128342 0.0012803 0.0012803 2 3 3
0.0128139 0.00127774 0.00127774 2 3 3
0.0127936 0.00127519 0.00127519 2 3 3
0.0127734 0.00127265 0.00127265 2 3 3
0.0127533 0.00127012 0.00127012 2 3 3
0.0127332 0.0012676 0.0012676 2 3 3
0.0127132 0.00126509 0.00126509 2 3 3
0.0126933 0.00126258 0.00126258 2 3 3
0.0126734 0.00126009 0.00126009 2 3 3
0.0126536 0.00125761 0.00125761 2 3 3
0.0126339 0.00125513 0.00125513 2 3 3
0.0126142 0.00125267 0.00125267 2 3 3
0.0125946 0.00125021 0.00125021 2 3 3
0.012575 0.00124777 0.00124777 2 3 3
0.0125556 0.00124533 0.00124533 2 3 3
0.0125362 0.0012429 0.0012429 2 3 3
0.0125168 0.00124048 0.00124048 2 3 3
0.0124975 0.00123807 0.00123807 2 3 3
0.0124783 0.00123567 0.00123567 2 3 3
0.0124591 0.00123328 0.00123328 2 3 3
0.01244 0.00123089 0.00123089 2 3 3
0.012421 0.00122852 0.00122852 2 3 3
0.012402 0.00122615 0.00122615 2 3 3
0.0123831 0.00122379 0.00122379 2 3 3
0.0123643 0.00122145 0.00122145 2 3 3
0.0123455 0.0012191 0.0012191 2 3 3
0.0123268 0.00121677 0.00121677 2 3 3
0.0123081 0.00121445 0.00121445 2 3 3
0.0122895 0.00121213 0.00121213 2 3 3
0.0122709 0.00120983 0.00120983 2 3 3
0.0122524 0.00120753 0.00120753 2 3 3
0.012234 0.00120524 0.00120524 2 3 3
0.0122156 0.00120295 0.00120295 2 3 3
0.0121973 0.00120068 0.00120068 2 3 3
0.0121791 0.00119841 0.00119841 2 3 3
0.0121609 0.00119616 0.00119616 2 3 3
0.0121427 0.00119391 0.00119391 2 3 3
0.0121247 0.00119166 0.00119166 2 3 3
0.0121066 0.00118943 0.00118943 2 3 3
0.0120887 0.0011872 0.0011872 2 3 3
0.0120708 0.00118499 0.00118499 2 3 3
0.0120529 0.00118277 0.00118277 2 3 3
0.0120351 0.00118057 0.00118057 2 3 3
0.0120174 0.00117838 0.00117838 2 3 3
0.0119997 0.00117619 0.00117619 2 3 3
0.011982 0.00117401 0.00117401 2 3 3
0.0119645 0.00117184 0.00117184 2 3 3
0.0119469 0.00116968 0.00116968 2 3 3
0.0119295 0.00116752 0.00116752 2 3 3
0.0119121 0.00116537 0.00116537 2 3 3
0.0118947 0.00116323 0.00116323 2 3 3
0.0118774 0.00116109 0.00116109 2 3 3
0.0118601 0.00115897 0.00115897 2 3 3
0.0118429 0.00115685 0.00115685 2 3 3
0.0116847 0.00249877 0.00249877 2 2 3
0.0116827 0.00249828 0.00249828 2 2 3
0.0116807 0.00249776 0.00249776 2 2 3
0.0116767 0.00249672 0.00249672 2 2 3
0.0116688 0.00249464 0.00249464 2 2 3
0.011653 0.00249049 0.00249049 2 2 3
0.0116283 0.00248401 0.00248401 2 2 3
0.0116038 0.00247759 0.00247759 2 2 3
0.0115794 0.0024712 0.0024712 2 2 3
0.0115551 0.00246484 0.00246484 2 2 3
0.0115309 0.00245851 0.00245851 2 2 3
0.0115069 0.00245221 0.00245221 2 2 3
0.0114829 0.00244594 0.00244594 2 2 3
0.011459 0.00243971 0.00243971 2 2 3
0.0114353 0.0024335 0.0024335 2 2 3
0.0114116 0.00242732 0.00242732 2 2 3
0.0113881 0.00242118 0.00242118 2 2 3
0.0113646 0.00241506 0.00241506 2 2 3
0.0113413 0.00240897 0.00240897 2 2 3
0.0113181 0.00240291 0.00240291 2 2 3
0.0112949 0.00239688 0.00239688 2 2 3
0.0112719 0.00239088 0.00239088 2 2 3
0.0112489 0.00238491 0.00238491 2 2 3
0.0112261 0.00237896 0.00237896 2 2 3
0.0112033 0.00237305 0.00237305 2 2 3
0.0111807 0.00236716 0.00236716 2 2 3
0.0111581 0.0023613 0.0023613 2 2 3
0.0111357 0.00235546 0.00235546 2 2 3
0.0111133 0.00234966 0.00234966 2 2 3
0.011091 0.00234388 0.00234388 2 2 3
0.0110689 0.00233813 0.00233813 2 2 3
0.0110468 0.0023324 0.0023324 2 2 3
0.0110248 0.0023267 0.0023267 2 2 3
0.0110029 0.00232103 0.00232103 2 2 3
0.0109811 0.00231539 0.00231539 2 2 3
0.0109594 0.00230977 0.00230977 2 2 3
0.0109377 0.00230417 0.00230417 2 2 3
0.0109162 0.00229861 0.00229861 2 2 3
0.0108948 0.00229306 0.00229306 2 2 3
0.0108734 0.00228755 0.00228755 2 2 3
0.0108521 0.00228205 0.00228205 2 2 3
0.010831 0.00227659 0.00227659 2 2 3
0.0108099 0.00227115 0.00227115 2 2 3
0.0107889 0.00226573 0.00226573 2 2 3
0.0107679 0.00226034 0.00226034 2 2 3
0.0107471 0.00225497 0.00225497 2 2 3
0.0107264 0.00224962 0.00224962 2 2 3
0.0107057 0.0022443 0.0022443 2 2 3
0.0106851 0.00223901 0.00223901 2 2 3
0.0106646 0.00223373 0.00223373 2 2 3
0.0106442 0.00222849 0.00222849 2 2 3
0.0106239 0.00222326 0.00222326 2 2 3
0.0106036 0.00221806 0.00221806 2 2 3
0.0105834 0.00221288 0.00221288 2 2 3
0.0105634 0.00220772 0.00220772 2 2 3
0.0105433 0.00220259 0.00220259 2 2 3
0.0105234 0.00219748 0.00219748 2 2 3
0.0105036 0.00219239 0.00219239 2 2 3
0.0104838 0.00218732 0.00218732 2 2 3
0.0104641 0.00218228 0.00218228 2 2 3
0.0104445 0.00217726 0.00217726 2 2 3
0.0104249 0.00217226 0.00217226 2 2 3
0.0104055 0.00216728 0.00216728 2 2 3
0.0103861 0.00216232 0.00216232 2 2 3
0.0103668 0.00215739 0.00215739 2 2 3
0.0103476 0.00215248 0.00215248 2 2 3
0.0103284 0.00214758 0.00214758 2 2 3
0.0103093 0.00214271 0.00214271 2 2 3
0.0102903 0.00213786 0.00213786 2 2 3
0.0102714 0.00213303 0.00213303 2 2 3
0.0102525 0.00212822 0.00212822 2 2 3
0.0102337 0.00212344 0.00212344 2 2 3
0.010215 0.00211867 0.00211867 2 2 3
0.0101964 0.00211392 0.00211392 2 2 3
0.0101778 0.00210919 0.00210919 2 2 3
0.0101593 0.00210449 0.00210449 2 2 3
0.0101409 0.0020998 0.0020998 2 2 3
0.0101225 0.00209513 0.00209513 2 2 3
0.0101042 0.00209049 0.00209049 2 2 3
0.010086 0.00208586 0.00208586 2 2 3
0.0100678 0.00208125 0.00208125 2 2 3
0.0100498 0.00207666 0.00207666 2 2 3
0.0100318 0.00207209 0.00207209 2 2 3
0.0100138 0.00206754 0.00206754 2 2 3
0.00999593 0.00206301 0.00206301 2 2 3
0.00997812 0.00205849 0.00205849 2 2 3
0.00996037 0.002054 0.002054 2 2 3
0.0099427 0.00204952 0.00204952 2 2 3
0.00992509 0.00204507 0.00204507 2 2 3
0.00990754 0.00204063 0.00204063 2 2 3
0.00989006 0.00203621 0.00203621 2 2 3
0.00987265 0.00203181 0.00203181 2 2 3
0.0098553 0.00202742 0.00202742 2 2 3
0.00983801 0.00202306 0.00202306 2 2 3
0.00982079 0.00201871 0.00201871 2 2 3
0.00980363 0.00201438 0.00201438 2 2 3
0.00978653 0.00201006 0.00201006 2 2 3
0.0097695 0.00200577 0.00200577 2 2 3
0.00975253 0.00200149 0.00200149 2 2 3
0.00973562 0.00199723 0.00199723 2 2 3
0.00971877 0.00199299 0.00199299 2 2 3
0.00970199 0.00198876 0.00198876 2 2 3
0.00968527 0.00198455 0.00198455 2 2 3
0.0096686 0.00198036 0.00198036 2 2 3
0.009652 0.00197618 0.00197618 2 2 3
0.00963546 0.00197202 0.00197202 2 2 3
0.00961897 0.00196788 0.00196788 2 2 3
0.00960255 0.00196375 0.00196375 2 2 3
0.00958618 0.00195964 0.00195964 2 2 3
0.00956988 0.00195555 0.00195555 2 2 3
0.00955363 0.00195147 0.00195147 2 2 3
0.00953744 0.00194741 0.00194741 2 2 3
0.00952131 0.00194337 0.00194337 2 2 3
0.00950524 0.00193934 0.00193934 2 2 3
0.00948922 0.00193533 0.00193533 2 2 3
0.00947326 0.00193133 0.00193133 2 2 3
0.00945736 0.00192735 0.00192735 2 2 3
0.00944151 0.00192338 0.00192338 2 2 3
0.00942572 0.00191943 0.00191943 2 2 3
0.00940998 0.0019155 0.0019155 2 2 3
0.0093943 0.00191158 0.00191158 2 2 3
0.00937868 0.00190767 0.00190767 2 2 3
0.00936311 0.00190378 0.00190378 2 2 3
0.00934759 0.00189991 0.00189991 2 2 3
0.00933213 0.00189605 0.00189605 2 2 3
0.00931672 0.00189221 0.00189221 2 2 3
0.00930137 0.00188838 0.00188838 2 2 3
0.00928606 0.00188456 0.00188456 2 2 3
0.00927082 0.00188076 0.00188076 2 2 3
0.00925562 0.00187698 0.00187698 2 2 3
0.00924048 0.0018732 0.0018732 2 2 3
0.00922539 0.00186945 0.00186945 2 2 3
0.00921035 0.0018657 0.0018657 2 2 3
0.00919536 0.00186198 0.00186198 2 2 3
0.00918043 0.00185826 0.00185826 2 2 3
0.00916554 0.00185456 0.00185456 2 2 3
0.00915071 0.00185088 0.00185088 2 2 3
0.00913593 0.0018472 0.0018472 2 2 3
0.00912119 0.00184355 0.00184355 2 2 3
0.00910651 0.0018399 0.0018399 2 2 3
0.00909188 0.00183627 0.00183627 2 2 3
0.00907729 0.00183265 0.00183265 2 2 3
0.00906276 0.00182905 0.00182905 2 2 3
0.00904828 0.00182546 0.00182546 2 2 3
0.00903384 0.00182188 0.00182188 2 2 3
0.00901945 0.00181832 0.00181832 2 2 3
0.00900511 0.00181477 0.00181477 2 2 3
0.00899082 0.00181123 0.00181123 2 2 3
0.00897658 0.00180771 0.00180771 2 2 3
0.00896238 0.00180419 0.00180419 2 2 3
0.00894823 0.0018007 0.0018007 2 2 3
0.00893413 0.00179721 0.00179721 2 2 3
0.00892008 0.00179374 0.00179374 2 2 3
0.00890607 0.00179028 0.00179028 2 2 3
0.00889211 0.00178683 0.00178683 2 2 3
0.00887819 0.0017834 0.0017834 2 2 3
0.00886432 0.00177997 0.00177997 2 2 3
0.0088505 0.00177657 0.00177657 2 2 3
0.00883672 0.00177317 0.00177317 2 2 3
0.00882299 0.00176978 0.00176978 2 2 3
0.0088093 0.00176641 0.00176641 2 2 3
0.00879565 0.00176305 0.00176305 2 2 3
0.00878205 0.0017597 0.0017597 2 2 3
0.0087685 0.00175637 0.00175637 2 2 3
0.00875499 0.00175304 0.00175304 2 2 3
0.00874152 0.00174973 0.00174973 2 2 3
0.0087281 0.00174643 0.00174643 2 2 3
0.00871472 0.00174314 0.00174314 2 2 3
0.00870138 0.00173986 0.00173986 2 2 3
0.00868809 0.0017366 0.0017366 2 2 3
0.00867484 0.00173335 0.00173335 2 2 3
0.00866163 0.0017301 0.0017301 2 2 3
0.00864846 0.00172687 0.00172687 2 2 3
0.00863534 0.00172365 0.00172365 2 2 3
0.00862226 0.00172045 0.00172045 2 2 3
0.00860922 0.00171725 0.00171725 2 2 3
0.00859622 0.00171407 0.00171407 2 2 3
0.00858326 0.00171089 0.00171089 2 2 3
0.00857035 0.00170773 0.00170773 2 2 3
0.00855747 0.00170458 0.00170458 2 2 3
0.00854464 0.00170144 0.00170144 2 2 3
0.00853184 0.00169831 0.00169831 2 2 3
0.00851909 0.00169519 0.00169519 2 2 3
0.00850638 0.00169208 0.00169208 2 2 3
0.0084937 0.00168899 0.00168899 2 2 3
0.00848107 0.0016859 0.0016859 2 2 3
0.00846848 0.00168283 0.00168283 2 2 3
0.00845592 0.00167976 0.00167976 2 2 3
0.00844341 0.00167671 0.00167671 2 2 3
0.00843093 0.00167366 0.00167366 2 2 3
0.0084185 0.00167063 0.00167063 2 2 3
0.0084061 0.00166761 0.00166761 2 2 3
0.00839374 0.0016646 0.0016646 2 2 3
0.00838142 0.00166159 0.00166159 2 2 3
0.00836913 0.0016586 0.0016586 2 2 3
0.00835689 0.00165562 0.00165562 2 2 3
0.00834468 0.00165265 0.00165265 2 2 3
0.00833251 0.00164969 0.00164969 2 2 3
0.00832038 0.00164674 0.00164674 2 2 3
0.00830828 0.0016438 0.0016438 2 2 3
