0.05 0 0 2 1 0
0.0501464 484.997 484.997 1 1 0
0.0502936 481.076 481.076 1 1 0
0.0505906 473.42 473.42 1 1 0
0.0511951 458.797 458.797 1 1 0
0.051971 441.673 441.673 1 1 0
0.0527705 425.671 425.671 1 1 0
0.0535947 410.643 410.643 1 1 0
0.0544446 396.466 396.466 1 1 0
0.0553215 383.038 383.038 1 1 0
0.0562266 370.269 370.269 1 1 0
0.0571613 358.083 358.083 1 1 0
0.058127 346.416 346.416 1 1 0
0.0591253 335.211 335.211 1 1 0
0.0601578 324.417 324.417 1 1 0
0.0612262 313.992 313.992 1 1 0
0.0623323 303.897 303.897 1 1 0
0.0634783 294.098 294.098 1 1 0
0.0646661 284.567 284.567 1 1 0
0.0658979 275.277 275.277 1 1 0
0.0671763 266.205 266.205 1 1 0
0.0685038 257.331 257.331 1 1 0
0.0698831 248.64 248.64 1 1 0
0.0713172 240.115 240.115 1 1 0
0.0728091 231.744 231.744 1 1 0
0.0743624 223.519 223.519 1 1 0
0.0759805 215.432 215.432 1 1 0
0.0776674 207.476 207.476 1 1 0
0.0794272 199.65 199.65 1 1 0
0.0812642 191.951 191.951 1 1 0
0.0831833 184.381 184.381 1 1 0
0.0851893 176.943 176.943 1 1 0
0.0872877 169.642 169.642 1 1 0
0.089484 162.486 162.486 1 1 0
0.0917843 155.483 155.483 1 1 0
0.0941947 148.644 148.644 1 1 0
0.0967219 141.984 141.984 1 1 0
0.0993724 135.516 135.516 1 1 0
0.102153 129.257 129.257 1 1 0
0.105071 123.227 123.227 1 1 0
0.108132 117.445 117.445 1 1 0
0.111343 111.932 111.932 1 1 0
0.114709 106.715 106.715 1 1 0
0.118234 101.816 101.816 1 1 0
0.121921 97.2652 97.2652 1 1 0
0.12577 93.0899 93.0899 1 1 0
0.129779 89.3212 89.3212 1 1 0
0.133944 85.9915 85.9915 1 1 0
0.138256 83.1346 83.1346 1 1 0
0.142705 80.7858 80.7858 1 1 0
0.147277 78.9823 78.9823 1 1 0
0.151958 77.7628 77.7628 1 1 0
0.156734 77.1679 77.1679 1 1 0
0.157043 77.1452 77.1452 1 1 0
0.161906 77.2673 77.2673 2 1 0
0.166848 78.0909 78.0909 2 1 0
0.171867 79.6509 79.6509 2 1 0
0.176969 81.9433 81.9433 2 1 0
0.182172 84.8888 84.8888 2 1 0
0.187505 88.2559 88.2559 2 1 0
0.193006 91.5537 91.5537 2 1 0
0.198734 93.9532 93.9532 2 1 0
0.204763 94.4062 94.4062 2 1 0
0.211194 92.1207 92.1207 2 1 0
0.21816 87.1519 87.1519 2 1 0
0.225843 80.4705 80.4705 2 1 0
0.234492 73.3831 73.3831 2 1 0
0.24445 66.9578 66.9578 2 1 0
0.256204 61.8906 61.8906 2 1 0
0.264651 59.6673 59.6673 1 1 0
0.280841 57.9902 57.9902 1 1 0
0.301132 59.9046 59.9046 1 1 0
0.157041 77.1452 77.1452 4 3 0
0.157045 77.1549 77.1549 4 3 0
0.157042 77.1702 77.1702 4 3 0
0.15703 77.2405 77.2405 4 3 0
0.156995 77.4434 77.4434 4 3 0
0.15691 77.96 77.96 4 3 0
0.156729 79.1521 79.1521 4 3 0
0.156526 80.7556 80.7556 4 3 0
0.156353 82.6215 82.6215 4 3 0
0.156271 84.5699 84.5699 4 3 0
0.15627 84.7282 84.7282 4 3 0
0.156375 86.5067 86.5067 3 3 0
0.15681 87.7983 87.7983 3 3 0
0.157965 88.0512 88.0512 3 3 0
0.160852 86.4642 86.4642 3 3 0
0.1662 83.412 83.412 3 3 0
0.172402 80.7179 80.7179 3 3 0
0.178957 78.6113 78.6113 3 3 0
0.1859 76.9686 76.9686 3 3 0
0.193228 75.7259 75.7259 3 3 0
0.200924 74.8513 74.8513 3 3 0
0.208954 74.3341 74.3341 3 3 0
0.217255 74.1783 74.1783 3 3 0
0.225713 74.3964 74.3964 3 3 0
0.234127 74.993 74.993 3 3 0
0.242141 75.9173 75.9173 3 3 0
0.249188 76.9366 76.9366 3 3 0
0.254589 77.4396 77.4396 3 3 0
0.258144 76.5912 76.5912 3 3 0
0.260412 74.0346 74.0346 3 3 0
0.262033 70.0798 70.0798 3 3 0
0.263319 65.4674 65.4674 3 3 0
0.264267 61.3828 61.3828 3 3 0
0.266394 57.8313 57.8313 4 3 0
0.264432 60.6196 60.6196 3 3 0
0.263616 64.2451 64.2451 3 3 0
0.262391 68.9195 68.9195 3 3 0
0.260869 73.1343 73.1343 3 3 0
0.258823 76.0911 76.0911 3 3 0
0.255699 77.3745 77.3745 3 3 0
0.250835 77.1595 77.1595 3 3 0
0.244145 76.1971 76.1971 3 3 0
0.236273 75.2071 75.2071 3 3 0
0.22789 74.514 74.514 3 3 0
0.219404 74.1979 74.1979 3 3 0
0.211043 74.2598 74.2598 3 3 0
0.202936 74.686 74.686 3 3 0
0.195155 75.4688 75.4688 3 3 0
0.18774 76.6139 76.6139 3 3 0
0.180719 78.1444 78.1444 3 3 0
0.174117 80.1039 80.1039 3 3 0
0.167998 82.5452 82.5452 3 3 0
0.162583 85.4035 85.4035 3 3 0
0.158686 87.7494 87.7494 3 3 0
0.157022 87.9986 87.9986 3 3 0
0.156445 86.897 86.897 3 3 0
0.156276 85.1995 85.1995 3 3 0
0.15627 84.7215 84.7215 4 3 0
0.156342 82.7815 82.7815 4 3 0
0.156509 80.9039 80.9039 4 3 0
0.156712 79.2743 79.2743 4 3 0
0.156897 78.0414 78.0414 4 3 0
0.157017 77.3178 77.3178 4 3 0
0.157045 77.1558 77.1558 4 3 0
0.156983 77.5145 77.5145 4 3 0
0.156835 78.4329 78.4329 4 3 0
0.156638 79.826 79.826 4 3 0
0.156441 81.5668 81.5668 4 3 0
0.156301 83.494 83.494 4 3 0
0.15627 84.7353 84.7353 3 3 0
0.156376 86.5127 86.5127 3 3 0
0.156812 87.8016 87.8016 3 3 0
0.157972 88.0492 88.0492 3 3 0
0.160868 86.4544 86.4544 3 3 0
0.166223 83.4006 83.4006 3 3 0
0.172426 80.7089 80.7089 3 3 0
0.178982 78.6044 78.6044 3 3 0
0.185926 76.9632 76.9632 3 3 0
0.193256 75.7219 75.7219 3 3 0
0.200954 74.8487 74.8487 3 3 0
0.208985 74.3328 74.3328 3 3 0
0.217287 74.1784 74.1784 3 3 0
0.225745 74.398 74.398 3 3 0
0.234158 74.9959 74.9959 3 3 0
0.24217 75.9212 75.9212 3 3 0
0.249211 76.94 76.94 3 3 0
0.254606 77.4394 77.4394 3 3 0
0.258155 76.5847 76.5847 3 3 0
0.260419 74.022 74.022 3 3 0
0.262039 70.0632 70.0632 3 3 0
0.263323 65.4501 65.4501 3 3 0
0.26427 61.3706 61.3706 3 3 0
0.264542 60.103 60.103 3 3 0
0.264631 59.6773 59.6773 4 3 0
0.26463 59.6836 59.6836 3 3 0
0.264194 61.7155 61.7155 3 3 0
0.263169 66.0643 66.0643 3 3 0
0.261834 70.6814 70.6814 3 3 0
0.260152 74.4778 74.4778 3 3 0
0.257766 76.8009 76.8009 3 3 0
0.254022 77.4353 77.4353 3 3 0
0.2484 76.8229 76.8229 3 3 0
0.241152 75.7855 75.7855 3 3 0
0.233015 74.8921 74.8921 3 3 0
0.224555 74.3442 74.3442 3 3 0
0.216098 74.1779 74.1779 3 3 0
0.207825 74.3843 74.3843 3 3 0
0.199839 74.9509 74.9509 3 3 0
0.192199 75.8744 75.8744 3 3 0
0.184936 77.1669 77.1669 3 3 0
0.178075 78.8595 78.8595 3 3 0
0.171651 81.0028 81.0028 3 3 0
0.165763 83.6345 83.6345 3 3 0
0.160797 86.4989 86.4989 3 3 0
0.157814 88.0912 88.0912 3 3 0
0.156722 87.6695 87.6695 3 3 0
0.156345 86.2761 86.2761 3 3 0
0.15627 84.7305 84.7305 3 3 0
0.156342 82.7908 82.7908 4 3 0
0.156508 80.9124 80.9124 4 3 0
0.156711 79.2812 79.2812 4 3 0
0.156896 78.0461 78.0461 4 3 0
0.157016 77.32 77.32 4 3 0
0.157045 77.155 77.155 4 3 0
0.156985 77.5067 77.5067 4 3 0
0.156837 78.4187 78.4187 4 3 0
0.15664 79.8068 79.8068 4 3 0
0.156444 81.5443 81.5443 4 3 0
0.156302 83.4703 83.4703 4 3 0
0.15627 84.735 84.735 3 3 0
0.156376 86.5125 86.5125 3 3 0
0.156812 87.8015 87.8015 3 3 0
0.157972 88.0492 88.0492 3 3 0
0.160868 86.4547 86.4547 3 3 0
0.166222 83.401 83.401 3 3 0
0.172425 80.7092 80.7092 3 3 0
0.178981 78.6046 78.6046 3 3 0
0.185926 76.9634 76.9634 3 3 0
0.193255 75.722 75.722 3 3 0
0.200953 74.8488 74.8488 3 3 0
0.208984 74.3329 74.3329 3 3 0
0.217286 74.1784 74.1784 3 3 0
0.225744 74.3979 74.3979 3 3 0
0.234157 74.9958 74.9958 3 3 0
0.242169 75.9211 75.9211 3 3 0
0.24921 76.9399 76.9399 3 3 0
0.254605 77.4394 77.4394 3 3 0
0.258154 76.5849 76.5849 3 3 0
0.260419 74.0224 74.0224 3 3 0
0.262038 70.0637 70.0637 3 3 0
0.263323 65.4507 65.4507 3 3 0
0.264269 61.371 61.371 3 3 0
0.264542 60.1032 60.1032 3 3 0
0.264631 59.6773 59.6773 4 3 0
0.26463 59.6837 59.6837 3 3 0
0.264194 61.7156 61.7156 3 3 0
0.263169 66.0646 66.0646 3 3 0
0.261834 70.6816 70.6816 3 3 0
0.260152 74.478 74.478 3 3 0
0.257765 76.801 76.801 3 3 0
0.254022 77.4353 77.4353 3 3 0
0.2484 76.8228 76.8228 3 3 0
0.241152 75.7854 75.7854 3 3 0
0.233014 74.892 74.892 3 3 0
0.224554 74.3441 74.3441 3 3 0
0.216097 74.1779 74.1779 3 3 0
0.207825 74.3844 74.3844 3 3 0
0.199839 74.9509 74.9509 3 3 0
0.192198 75.8744 75.8744 3 3 0
0.184935 77.167 77.167 3 3 0
0.178074 78.8596 78.8596 3 3 0
0.17165 81.0029 81.0029 3 3 0
0.165763 83.6347 83.6347 3 3 0
0.160796 86.4991 86.4991 3 3 0
0.157814 88.0912 88.0912 3 3 0
0.156722 87.6694 87.6694 3 3 0
0.156345 86.276 86.276 3 3 0
0.15627 84.7305 84.7305 3 3 0
0.156342 82.7908 82.7908 4 3 0
0.156508 80.9124 80.9124 4 3 0
0.156711 79.2812 79.2812 4 3 0
0.156896 78.0461 78.0461 4 3 0
0.157016 77.32 77.32 4 3 0
0.157045 77.155 77.155 4 3 0
0.156985 77.5067 77.5067 4 3 0
0.156837 78.4186 78.4186 4 3 0
0.15664 79.8067 79.8067 4 3 0
0.156444 81.5442 81.5442 4 3 0
0.156302 83.4702 83.4702 4 3 0
0.15627 84.735 84.735 3 3 0
0.156376 86.5125 86.5125 3 3 0
0.156812 87.8015 87.8015 3 3 0
0.157972 88.0492 88.0492 3 3 0
0.160868 86.4547 86.4547 3 3 0
0.166222 83.401 83.401 3 3 0
0.172425 80.7092 80.7092 3 3 0
0.178981 78.6046 78.6046 3 3 0
0.185926 76.9634 76.9634 3 3 0
0.193255 75.722 75.722 3 3 0
0.200953 74.8488 74.8488 3 3 0
